version https://git-lfs.github.com/spec/v1
oid sha256:5087f7468656c846ec82f5c956a3520d4e725aa68d9d62d5ab515e12868fe4dd
size 1251
